{
 "cells": [
  {
   "cell_type": "markdown",
   "id": "2e90157f",
   "metadata": {},
   "source": [
    "## GIRR Intrabucket Correlation Matrix"
   ]
  },
  {
   "cell_type": "code",
   "execution_count": 3,
   "id": "c72d57dd",
   "metadata": {},
   "outputs": [],
   "source": [
    "import numpy as np\n",
    "import pandas as pd\n",
    "import math"
   ]
  },
  {
   "cell_type": "code",
   "execution_count": 4,
   "id": "4a10d2aa",
   "metadata": {},
   "outputs": [],
   "source": [
    "# Regulatory Inputs\n",
    "\n",
    "IR_tenors = np.array([0.25, 0.5, 1, 2, 3, 5, 10, 15, 20, 30])\n",
    "T = len(IR_tenors)\n",
    "\n",
    "sqrt_rule = False   # change it to True if the square root rule applies\n",
    "\n",
    "IR_RW = np.array([0.017, 0.017, 0.016, 0.013, 0.012, 0.01, 0.01, 0.01, 0.01, 0.01])\n",
    "\n",
    "if sqrt_rule:\n",
    "    IR_RW /= np.sqrt(2)"
   ]
  },
  {
   "cell_type": "code",
   "execution_count": 5,
   "id": "66052e72",
   "metadata": {},
   "outputs": [
    {
     "data": {
      "text/html": [
       "<div>\n",
       "<style scoped>\n",
       "    .dataframe tbody tr th:only-of-type {\n",
       "        vertical-align: middle;\n",
       "    }\n",
       "\n",
       "    .dataframe tbody tr th {\n",
       "        vertical-align: top;\n",
       "    }\n",
       "\n",
       "    .dataframe thead th {\n",
       "        text-align: right;\n",
       "    }\n",
       "</style>\n",
       "<table border=\"1\" class=\"dataframe\">\n",
       "  <thead>\n",
       "    <tr style=\"text-align: right;\">\n",
       "      <th></th>\n",
       "      <th>Name</th>\n",
       "      <th>Bucket</th>\n",
       "    </tr>\n",
       "  </thead>\n",
       "  <tbody>\n",
       "    <tr>\n",
       "      <th>0</th>\n",
       "      <td>C1</td>\n",
       "      <td>USD</td>\n",
       "    </tr>\n",
       "    <tr>\n",
       "      <th>1</th>\n",
       "      <td>C2</td>\n",
       "      <td>USD</td>\n",
       "    </tr>\n",
       "    <tr>\n",
       "      <th>2</th>\n",
       "      <td>C3</td>\n",
       "      <td>EUR</td>\n",
       "    </tr>\n",
       "  </tbody>\n",
       "</table>\n",
       "</div>"
      ],
      "text/plain": [
       "  Name Bucket\n",
       "0   C1    USD\n",
       "1   C2    USD\n",
       "2   C3    EUR"
      ]
     },
     "execution_count": 5,
     "metadata": {},
     "output_type": "execute_result"
    }
   ],
   "source": [
    "# Curves & Buckets\n",
    "\n",
    "# include curve names and currency and the mapping as needed. can be populated from a table\n",
    "buckets = ['USD', 'EUR']        # e.g. 2 buckets\n",
    "curves = ['C1', 'C2', 'C3']     # e.g. 3 curves ( 2 under USD bucket and 1 under EUR bucket )\n",
    "IR_curve_bucket_map = [['C1','USD'], ['C2', 'USD'], ['C3', 'EUR']]\n",
    "\n",
    "IR_df = pd.DataFrame(data = IR_curve_bucket_map , columns = ['Name', 'Bucket'])   \n",
    "IR_df"
   ]
  },
  {
   "cell_type": "code",
   "execution_count": 10,
   "id": "8308c562",
   "metadata": {},
   "outputs": [],
   "source": [
    "# Function to generate Intrabucket Correlations\n",
    "\n",
    "def IR_intrabucket_corr(curveBucketMap, scenario = 'Base'):\n",
    "    \n",
    "    # extract number of unique buckets\n",
    "    buckets = curveBucketMap.Bucket.unique()\n",
    "    \n",
    "    # Initialize empty intrabucket correlation matrices for each bucket\n",
    "    IntraBucketCorr = {}\n",
    "    for i in buckets:\n",
    "        \n",
    "        # Fetch curve names for a given bucket\n",
    "        curveNames = (curveBucketMap[curveBucketMap['Bucket'] == i])['Name']\n",
    "        curve_tenor = []\n",
    "        correlations = []\n",
    "        for x in curveNames:\n",
    "            for y in IR_tenors:\n",
    "                curve_tenor.append(str(x) + \"_\" + str(y))\n",
    "                \n",
    "        \n",
    "        # base correlations\n",
    "        IntraBucketCorr[i] = pd.DataFrame(data = np.zeros((len(curve_tenor), len(curve_tenor))),\n",
    "                                          columns = curve_tenor, index = curve_tenor)\n",
    "        \n",
    "        for m in range(len(curve_tenor)):\n",
    "            for n in range(len(curve_tenor)):\n",
    "                \n",
    "                if m==n:\n",
    "                     (IntraBucketCorr[i]).iloc[m,n] = 1\n",
    "                elif abs(m-n)<=T-1:    # same curve , different tenor\n",
    "                    (IntraBucketCorr[i]).iloc[m,n] = max(math.exp(-0.03*abs(IR_tenors[m % T]-IR_tenors[n % T])\n",
    "                                                                /min(IR_tenors[m % T],IR_tenors[n % T])), 0.4)\n",
    "                    \n",
    "                elif abs(m-n) % T == 0:\n",
    "                    (IntraBucketCorr[i]).iloc[m,n] = 0.999\n",
    "                    \n",
    "                else:\n",
    "                    \n",
    "                    (IntraBucketCorr[i]).iloc[m,n] = 0.999* max(math.exp(-0.03*abs(IR_tenors[m % T]-IR_tenors[n % T])\n",
    "                                                                /min(IR_tenors[m % T],IR_tenors[n % T])), 0.4)\n",
    "                    \n",
    "                if scenario == \"High\":\n",
    "                    (IntraBucketCorr[i]).iloc[m,n] = min(1, 1.25*((IntraBucketCorr[i]).iloc[m,n]))\n",
    "                elif scenario == \"Low\":\n",
    "                    (IntraBucketCorr[i]).iloc[m,n] = max(2*((IntraBucketCorr[i]).iloc[m,n])-1, \n",
    "                                                         0.75*((IntraBucketCorr[i]).iloc[m,n]))    \n",
    "\n",
    "    return IntraBucketCorr"
   ]
  },
  {
   "cell_type": "code",
   "execution_count": 11,
   "id": "46100bc7",
   "metadata": {},
   "outputs": [
    {
     "data": {
      "text/html": [
       "<div>\n",
       "<style scoped>\n",
       "    .dataframe tbody tr th:only-of-type {\n",
       "        vertical-align: middle;\n",
       "    }\n",
       "\n",
       "    .dataframe tbody tr th {\n",
       "        vertical-align: top;\n",
       "    }\n",
       "\n",
       "    .dataframe thead th {\n",
       "        text-align: right;\n",
       "    }\n",
       "</style>\n",
       "<table border=\"1\" class=\"dataframe\">\n",
       "  <thead>\n",
       "    <tr style=\"text-align: right;\">\n",
       "      <th></th>\n",
       "      <th>C1_0.25</th>\n",
       "      <th>C1_0.5</th>\n",
       "      <th>C1_1.0</th>\n",
       "      <th>C1_2.0</th>\n",
       "      <th>C1_3.0</th>\n",
       "      <th>C1_5.0</th>\n",
       "      <th>C1_10.0</th>\n",
       "      <th>C1_15.0</th>\n",
       "      <th>C1_20.0</th>\n",
       "      <th>C1_30.0</th>\n",
       "      <th>C2_0.25</th>\n",
       "      <th>C2_0.5</th>\n",
       "      <th>C2_1.0</th>\n",
       "      <th>C2_2.0</th>\n",
       "      <th>C2_3.0</th>\n",
       "      <th>C2_5.0</th>\n",
       "      <th>C2_10.0</th>\n",
       "      <th>C2_15.0</th>\n",
       "      <th>C2_20.0</th>\n",
       "      <th>C2_30.0</th>\n",
       "    </tr>\n",
       "  </thead>\n",
       "  <tbody>\n",
       "    <tr>\n",
       "      <th>C1_0.25</th>\n",
       "      <td>1.000000</td>\n",
       "      <td>0.970446</td>\n",
       "      <td>0.913931</td>\n",
       "      <td>0.810584</td>\n",
       "      <td>0.718924</td>\n",
       "      <td>0.565525</td>\n",
       "      <td>0.400000</td>\n",
       "      <td>0.400000</td>\n",
       "      <td>0.400000</td>\n",
       "      <td>0.400000</td>\n",
       "      <td>0.999000</td>\n",
       "      <td>0.969475</td>\n",
       "      <td>0.913017</td>\n",
       "      <td>0.809774</td>\n",
       "      <td>0.718205</td>\n",
       "      <td>0.564960</td>\n",
       "      <td>0.399600</td>\n",
       "      <td>0.399600</td>\n",
       "      <td>0.399600</td>\n",
       "      <td>0.399600</td>\n",
       "    </tr>\n",
       "    <tr>\n",
       "      <th>C1_0.5</th>\n",
       "      <td>0.970446</td>\n",
       "      <td>1.000000</td>\n",
       "      <td>0.970446</td>\n",
       "      <td>0.913931</td>\n",
       "      <td>0.860708</td>\n",
       "      <td>0.763379</td>\n",
       "      <td>0.565525</td>\n",
       "      <td>0.418952</td>\n",
       "      <td>0.400000</td>\n",
       "      <td>0.400000</td>\n",
       "      <td>0.970446</td>\n",
       "      <td>0.999000</td>\n",
       "      <td>0.969475</td>\n",
       "      <td>0.913017</td>\n",
       "      <td>0.859847</td>\n",
       "      <td>0.762616</td>\n",
       "      <td>0.564960</td>\n",
       "      <td>0.418533</td>\n",
       "      <td>0.399600</td>\n",
       "      <td>0.399600</td>\n",
       "    </tr>\n",
       "    <tr>\n",
       "      <th>C1_1.0</th>\n",
       "      <td>0.913931</td>\n",
       "      <td>0.970446</td>\n",
       "      <td>1.000000</td>\n",
       "      <td>0.970446</td>\n",
       "      <td>0.941765</td>\n",
       "      <td>0.886920</td>\n",
       "      <td>0.763379</td>\n",
       "      <td>0.657047</td>\n",
       "      <td>0.565525</td>\n",
       "      <td>0.418952</td>\n",
       "      <td>0.913931</td>\n",
       "      <td>0.970446</td>\n",
       "      <td>0.999000</td>\n",
       "      <td>0.969475</td>\n",
       "      <td>0.940823</td>\n",
       "      <td>0.886034</td>\n",
       "      <td>0.762616</td>\n",
       "      <td>0.656390</td>\n",
       "      <td>0.564960</td>\n",
       "      <td>0.418533</td>\n",
       "    </tr>\n",
       "    <tr>\n",
       "      <th>C1_2.0</th>\n",
       "      <td>0.810584</td>\n",
       "      <td>0.913931</td>\n",
       "      <td>0.970446</td>\n",
       "      <td>1.000000</td>\n",
       "      <td>0.985112</td>\n",
       "      <td>0.955997</td>\n",
       "      <td>0.886920</td>\n",
       "      <td>0.822835</td>\n",
       "      <td>0.763379</td>\n",
       "      <td>0.657047</td>\n",
       "      <td>0.810584</td>\n",
       "      <td>0.913931</td>\n",
       "      <td>0.970446</td>\n",
       "      <td>0.999000</td>\n",
       "      <td>0.984127</td>\n",
       "      <td>0.955041</td>\n",
       "      <td>0.886034</td>\n",
       "      <td>0.822012</td>\n",
       "      <td>0.762616</td>\n",
       "      <td>0.656390</td>\n",
       "    </tr>\n",
       "    <tr>\n",
       "      <th>C1_3.0</th>\n",
       "      <td>0.718924</td>\n",
       "      <td>0.860708</td>\n",
       "      <td>0.941765</td>\n",
       "      <td>0.985112</td>\n",
       "      <td>1.000000</td>\n",
       "      <td>0.980199</td>\n",
       "      <td>0.932394</td>\n",
       "      <td>0.886920</td>\n",
       "      <td>0.843665</td>\n",
       "      <td>0.763379</td>\n",
       "      <td>0.718924</td>\n",
       "      <td>0.860708</td>\n",
       "      <td>0.941765</td>\n",
       "      <td>0.985112</td>\n",
       "      <td>0.999000</td>\n",
       "      <td>0.979218</td>\n",
       "      <td>0.931461</td>\n",
       "      <td>0.886034</td>\n",
       "      <td>0.842821</td>\n",
       "      <td>0.762616</td>\n",
       "    </tr>\n",
       "    <tr>\n",
       "      <th>C1_5.0</th>\n",
       "      <td>0.565525</td>\n",
       "      <td>0.763379</td>\n",
       "      <td>0.886920</td>\n",
       "      <td>0.955997</td>\n",
       "      <td>0.980199</td>\n",
       "      <td>1.000000</td>\n",
       "      <td>0.970446</td>\n",
       "      <td>0.941765</td>\n",
       "      <td>0.913931</td>\n",
       "      <td>0.860708</td>\n",
       "      <td>0.565525</td>\n",
       "      <td>0.763379</td>\n",
       "      <td>0.886920</td>\n",
       "      <td>0.955997</td>\n",
       "      <td>0.980199</td>\n",
       "      <td>0.999000</td>\n",
       "      <td>0.969475</td>\n",
       "      <td>0.940823</td>\n",
       "      <td>0.913017</td>\n",
       "      <td>0.859847</td>\n",
       "    </tr>\n",
       "    <tr>\n",
       "      <th>C1_10.0</th>\n",
       "      <td>0.400000</td>\n",
       "      <td>0.565525</td>\n",
       "      <td>0.763379</td>\n",
       "      <td>0.886920</td>\n",
       "      <td>0.932394</td>\n",
       "      <td>0.970446</td>\n",
       "      <td>1.000000</td>\n",
       "      <td>0.985112</td>\n",
       "      <td>0.970446</td>\n",
       "      <td>0.941765</td>\n",
       "      <td>0.400000</td>\n",
       "      <td>0.565525</td>\n",
       "      <td>0.763379</td>\n",
       "      <td>0.886920</td>\n",
       "      <td>0.932394</td>\n",
       "      <td>0.970446</td>\n",
       "      <td>0.999000</td>\n",
       "      <td>0.984127</td>\n",
       "      <td>0.969475</td>\n",
       "      <td>0.940823</td>\n",
       "    </tr>\n",
       "    <tr>\n",
       "      <th>C1_15.0</th>\n",
       "      <td>0.400000</td>\n",
       "      <td>0.418952</td>\n",
       "      <td>0.657047</td>\n",
       "      <td>0.822835</td>\n",
       "      <td>0.886920</td>\n",
       "      <td>0.941765</td>\n",
       "      <td>0.985112</td>\n",
       "      <td>1.000000</td>\n",
       "      <td>0.990050</td>\n",
       "      <td>0.970446</td>\n",
       "      <td>0.400000</td>\n",
       "      <td>0.418952</td>\n",
       "      <td>0.657047</td>\n",
       "      <td>0.822835</td>\n",
       "      <td>0.886920</td>\n",
       "      <td>0.941765</td>\n",
       "      <td>0.985112</td>\n",
       "      <td>0.999000</td>\n",
       "      <td>0.989060</td>\n",
       "      <td>0.969475</td>\n",
       "    </tr>\n",
       "    <tr>\n",
       "      <th>C1_20.0</th>\n",
       "      <td>0.400000</td>\n",
       "      <td>0.400000</td>\n",
       "      <td>0.565525</td>\n",
       "      <td>0.763379</td>\n",
       "      <td>0.843665</td>\n",
       "      <td>0.913931</td>\n",
       "      <td>0.970446</td>\n",
       "      <td>0.990050</td>\n",
       "      <td>1.000000</td>\n",
       "      <td>0.985112</td>\n",
       "      <td>0.400000</td>\n",
       "      <td>0.400000</td>\n",
       "      <td>0.565525</td>\n",
       "      <td>0.763379</td>\n",
       "      <td>0.843665</td>\n",
       "      <td>0.913931</td>\n",
       "      <td>0.970446</td>\n",
       "      <td>0.990050</td>\n",
       "      <td>0.999000</td>\n",
       "      <td>0.984127</td>\n",
       "    </tr>\n",
       "    <tr>\n",
       "      <th>C1_30.0</th>\n",
       "      <td>0.400000</td>\n",
       "      <td>0.400000</td>\n",
       "      <td>0.418952</td>\n",
       "      <td>0.657047</td>\n",
       "      <td>0.763379</td>\n",
       "      <td>0.860708</td>\n",
       "      <td>0.941765</td>\n",
       "      <td>0.970446</td>\n",
       "      <td>0.985112</td>\n",
       "      <td>1.000000</td>\n",
       "      <td>0.400000</td>\n",
       "      <td>0.400000</td>\n",
       "      <td>0.418952</td>\n",
       "      <td>0.657047</td>\n",
       "      <td>0.763379</td>\n",
       "      <td>0.860708</td>\n",
       "      <td>0.941765</td>\n",
       "      <td>0.970446</td>\n",
       "      <td>0.985112</td>\n",
       "      <td>0.999000</td>\n",
       "    </tr>\n",
       "    <tr>\n",
       "      <th>C2_0.25</th>\n",
       "      <td>0.999000</td>\n",
       "      <td>0.970446</td>\n",
       "      <td>0.913931</td>\n",
       "      <td>0.810584</td>\n",
       "      <td>0.718924</td>\n",
       "      <td>0.565525</td>\n",
       "      <td>0.400000</td>\n",
       "      <td>0.400000</td>\n",
       "      <td>0.400000</td>\n",
       "      <td>0.400000</td>\n",
       "      <td>1.000000</td>\n",
       "      <td>0.970446</td>\n",
       "      <td>0.913931</td>\n",
       "      <td>0.810584</td>\n",
       "      <td>0.718924</td>\n",
       "      <td>0.565525</td>\n",
       "      <td>0.400000</td>\n",
       "      <td>0.400000</td>\n",
       "      <td>0.400000</td>\n",
       "      <td>0.400000</td>\n",
       "    </tr>\n",
       "    <tr>\n",
       "      <th>C2_0.5</th>\n",
       "      <td>0.969475</td>\n",
       "      <td>0.999000</td>\n",
       "      <td>0.970446</td>\n",
       "      <td>0.913931</td>\n",
       "      <td>0.860708</td>\n",
       "      <td>0.763379</td>\n",
       "      <td>0.565525</td>\n",
       "      <td>0.418952</td>\n",
       "      <td>0.400000</td>\n",
       "      <td>0.400000</td>\n",
       "      <td>0.970446</td>\n",
       "      <td>1.000000</td>\n",
       "      <td>0.970446</td>\n",
       "      <td>0.913931</td>\n",
       "      <td>0.860708</td>\n",
       "      <td>0.763379</td>\n",
       "      <td>0.565525</td>\n",
       "      <td>0.418952</td>\n",
       "      <td>0.400000</td>\n",
       "      <td>0.400000</td>\n",
       "    </tr>\n",
       "    <tr>\n",
       "      <th>C2_1.0</th>\n",
       "      <td>0.913017</td>\n",
       "      <td>0.969475</td>\n",
       "      <td>0.999000</td>\n",
       "      <td>0.970446</td>\n",
       "      <td>0.941765</td>\n",
       "      <td>0.886920</td>\n",
       "      <td>0.763379</td>\n",
       "      <td>0.657047</td>\n",
       "      <td>0.565525</td>\n",
       "      <td>0.418952</td>\n",
       "      <td>0.913931</td>\n",
       "      <td>0.970446</td>\n",
       "      <td>1.000000</td>\n",
       "      <td>0.970446</td>\n",
       "      <td>0.941765</td>\n",
       "      <td>0.886920</td>\n",
       "      <td>0.763379</td>\n",
       "      <td>0.657047</td>\n",
       "      <td>0.565525</td>\n",
       "      <td>0.418952</td>\n",
       "    </tr>\n",
       "    <tr>\n",
       "      <th>C2_2.0</th>\n",
       "      <td>0.809774</td>\n",
       "      <td>0.913017</td>\n",
       "      <td>0.969475</td>\n",
       "      <td>0.999000</td>\n",
       "      <td>0.985112</td>\n",
       "      <td>0.955997</td>\n",
       "      <td>0.886920</td>\n",
       "      <td>0.822835</td>\n",
       "      <td>0.763379</td>\n",
       "      <td>0.657047</td>\n",
       "      <td>0.810584</td>\n",
       "      <td>0.913931</td>\n",
       "      <td>0.970446</td>\n",
       "      <td>1.000000</td>\n",
       "      <td>0.985112</td>\n",
       "      <td>0.955997</td>\n",
       "      <td>0.886920</td>\n",
       "      <td>0.822835</td>\n",
       "      <td>0.763379</td>\n",
       "      <td>0.657047</td>\n",
       "    </tr>\n",
       "    <tr>\n",
       "      <th>C2_3.0</th>\n",
       "      <td>0.718205</td>\n",
       "      <td>0.859847</td>\n",
       "      <td>0.940823</td>\n",
       "      <td>0.984127</td>\n",
       "      <td>0.999000</td>\n",
       "      <td>0.980199</td>\n",
       "      <td>0.932394</td>\n",
       "      <td>0.886920</td>\n",
       "      <td>0.843665</td>\n",
       "      <td>0.763379</td>\n",
       "      <td>0.718924</td>\n",
       "      <td>0.860708</td>\n",
       "      <td>0.941765</td>\n",
       "      <td>0.985112</td>\n",
       "      <td>1.000000</td>\n",
       "      <td>0.980199</td>\n",
       "      <td>0.932394</td>\n",
       "      <td>0.886920</td>\n",
       "      <td>0.843665</td>\n",
       "      <td>0.763379</td>\n",
       "    </tr>\n",
       "    <tr>\n",
       "      <th>C2_5.0</th>\n",
       "      <td>0.564960</td>\n",
       "      <td>0.762616</td>\n",
       "      <td>0.886034</td>\n",
       "      <td>0.955041</td>\n",
       "      <td>0.979218</td>\n",
       "      <td>0.999000</td>\n",
       "      <td>0.970446</td>\n",
       "      <td>0.941765</td>\n",
       "      <td>0.913931</td>\n",
       "      <td>0.860708</td>\n",
       "      <td>0.565525</td>\n",
       "      <td>0.763379</td>\n",
       "      <td>0.886920</td>\n",
       "      <td>0.955997</td>\n",
       "      <td>0.980199</td>\n",
       "      <td>1.000000</td>\n",
       "      <td>0.970446</td>\n",
       "      <td>0.941765</td>\n",
       "      <td>0.913931</td>\n",
       "      <td>0.860708</td>\n",
       "    </tr>\n",
       "    <tr>\n",
       "      <th>C2_10.0</th>\n",
       "      <td>0.399600</td>\n",
       "      <td>0.564960</td>\n",
       "      <td>0.762616</td>\n",
       "      <td>0.886034</td>\n",
       "      <td>0.931461</td>\n",
       "      <td>0.969475</td>\n",
       "      <td>0.999000</td>\n",
       "      <td>0.985112</td>\n",
       "      <td>0.970446</td>\n",
       "      <td>0.941765</td>\n",
       "      <td>0.400000</td>\n",
       "      <td>0.565525</td>\n",
       "      <td>0.763379</td>\n",
       "      <td>0.886920</td>\n",
       "      <td>0.932394</td>\n",
       "      <td>0.970446</td>\n",
       "      <td>1.000000</td>\n",
       "      <td>0.985112</td>\n",
       "      <td>0.970446</td>\n",
       "      <td>0.941765</td>\n",
       "    </tr>\n",
       "    <tr>\n",
       "      <th>C2_15.0</th>\n",
       "      <td>0.399600</td>\n",
       "      <td>0.418533</td>\n",
       "      <td>0.656390</td>\n",
       "      <td>0.822012</td>\n",
       "      <td>0.886034</td>\n",
       "      <td>0.940823</td>\n",
       "      <td>0.984127</td>\n",
       "      <td>0.999000</td>\n",
       "      <td>0.990050</td>\n",
       "      <td>0.970446</td>\n",
       "      <td>0.400000</td>\n",
       "      <td>0.418952</td>\n",
       "      <td>0.657047</td>\n",
       "      <td>0.822835</td>\n",
       "      <td>0.886920</td>\n",
       "      <td>0.941765</td>\n",
       "      <td>0.985112</td>\n",
       "      <td>1.000000</td>\n",
       "      <td>0.990050</td>\n",
       "      <td>0.970446</td>\n",
       "    </tr>\n",
       "    <tr>\n",
       "      <th>C2_20.0</th>\n",
       "      <td>0.399600</td>\n",
       "      <td>0.399600</td>\n",
       "      <td>0.564960</td>\n",
       "      <td>0.762616</td>\n",
       "      <td>0.842821</td>\n",
       "      <td>0.913017</td>\n",
       "      <td>0.969475</td>\n",
       "      <td>0.989060</td>\n",
       "      <td>0.999000</td>\n",
       "      <td>0.985112</td>\n",
       "      <td>0.400000</td>\n",
       "      <td>0.400000</td>\n",
       "      <td>0.565525</td>\n",
       "      <td>0.763379</td>\n",
       "      <td>0.843665</td>\n",
       "      <td>0.913931</td>\n",
       "      <td>0.970446</td>\n",
       "      <td>0.990050</td>\n",
       "      <td>1.000000</td>\n",
       "      <td>0.985112</td>\n",
       "    </tr>\n",
       "    <tr>\n",
       "      <th>C2_30.0</th>\n",
       "      <td>0.399600</td>\n",
       "      <td>0.399600</td>\n",
       "      <td>0.418533</td>\n",
       "      <td>0.656390</td>\n",
       "      <td>0.762616</td>\n",
       "      <td>0.859847</td>\n",
       "      <td>0.940823</td>\n",
       "      <td>0.969475</td>\n",
       "      <td>0.984127</td>\n",
       "      <td>0.999000</td>\n",
       "      <td>0.400000</td>\n",
       "      <td>0.400000</td>\n",
       "      <td>0.418952</td>\n",
       "      <td>0.657047</td>\n",
       "      <td>0.763379</td>\n",
       "      <td>0.860708</td>\n",
       "      <td>0.941765</td>\n",
       "      <td>0.970446</td>\n",
       "      <td>0.985112</td>\n",
       "      <td>1.000000</td>\n",
       "    </tr>\n",
       "  </tbody>\n",
       "</table>\n",
       "</div>"
      ],
      "text/plain": [
       "          C1_0.25    C1_0.5    C1_1.0    C1_2.0    C1_3.0    C1_5.0   C1_10.0  \\\n",
       "C1_0.25  1.000000  0.970446  0.913931  0.810584  0.718924  0.565525  0.400000   \n",
       "C1_0.5   0.970446  1.000000  0.970446  0.913931  0.860708  0.763379  0.565525   \n",
       "C1_1.0   0.913931  0.970446  1.000000  0.970446  0.941765  0.886920  0.763379   \n",
       "C1_2.0   0.810584  0.913931  0.970446  1.000000  0.985112  0.955997  0.886920   \n",
       "C1_3.0   0.718924  0.860708  0.941765  0.985112  1.000000  0.980199  0.932394   \n",
       "C1_5.0   0.565525  0.763379  0.886920  0.955997  0.980199  1.000000  0.970446   \n",
       "C1_10.0  0.400000  0.565525  0.763379  0.886920  0.932394  0.970446  1.000000   \n",
       "C1_15.0  0.400000  0.418952  0.657047  0.822835  0.886920  0.941765  0.985112   \n",
       "C1_20.0  0.400000  0.400000  0.565525  0.763379  0.843665  0.913931  0.970446   \n",
       "C1_30.0  0.400000  0.400000  0.418952  0.657047  0.763379  0.860708  0.941765   \n",
       "C2_0.25  0.999000  0.970446  0.913931  0.810584  0.718924  0.565525  0.400000   \n",
       "C2_0.5   0.969475  0.999000  0.970446  0.913931  0.860708  0.763379  0.565525   \n",
       "C2_1.0   0.913017  0.969475  0.999000  0.970446  0.941765  0.886920  0.763379   \n",
       "C2_2.0   0.809774  0.913017  0.969475  0.999000  0.985112  0.955997  0.886920   \n",
       "C2_3.0   0.718205  0.859847  0.940823  0.984127  0.999000  0.980199  0.932394   \n",
       "C2_5.0   0.564960  0.762616  0.886034  0.955041  0.979218  0.999000  0.970446   \n",
       "C2_10.0  0.399600  0.564960  0.762616  0.886034  0.931461  0.969475  0.999000   \n",
       "C2_15.0  0.399600  0.418533  0.656390  0.822012  0.886034  0.940823  0.984127   \n",
       "C2_20.0  0.399600  0.399600  0.564960  0.762616  0.842821  0.913017  0.969475   \n",
       "C2_30.0  0.399600  0.399600  0.418533  0.656390  0.762616  0.859847  0.940823   \n",
       "\n",
       "          C1_15.0   C1_20.0   C1_30.0   C2_0.25    C2_0.5    C2_1.0    C2_2.0  \\\n",
       "C1_0.25  0.400000  0.400000  0.400000  0.999000  0.969475  0.913017  0.809774   \n",
       "C1_0.5   0.418952  0.400000  0.400000  0.970446  0.999000  0.969475  0.913017   \n",
       "C1_1.0   0.657047  0.565525  0.418952  0.913931  0.970446  0.999000  0.969475   \n",
       "C1_2.0   0.822835  0.763379  0.657047  0.810584  0.913931  0.970446  0.999000   \n",
       "C1_3.0   0.886920  0.843665  0.763379  0.718924  0.860708  0.941765  0.985112   \n",
       "C1_5.0   0.941765  0.913931  0.860708  0.565525  0.763379  0.886920  0.955997   \n",
       "C1_10.0  0.985112  0.970446  0.941765  0.400000  0.565525  0.763379  0.886920   \n",
       "C1_15.0  1.000000  0.990050  0.970446  0.400000  0.418952  0.657047  0.822835   \n",
       "C1_20.0  0.990050  1.000000  0.985112  0.400000  0.400000  0.565525  0.763379   \n",
       "C1_30.0  0.970446  0.985112  1.000000  0.400000  0.400000  0.418952  0.657047   \n",
       "C2_0.25  0.400000  0.400000  0.400000  1.000000  0.970446  0.913931  0.810584   \n",
       "C2_0.5   0.418952  0.400000  0.400000  0.970446  1.000000  0.970446  0.913931   \n",
       "C2_1.0   0.657047  0.565525  0.418952  0.913931  0.970446  1.000000  0.970446   \n",
       "C2_2.0   0.822835  0.763379  0.657047  0.810584  0.913931  0.970446  1.000000   \n",
       "C2_3.0   0.886920  0.843665  0.763379  0.718924  0.860708  0.941765  0.985112   \n",
       "C2_5.0   0.941765  0.913931  0.860708  0.565525  0.763379  0.886920  0.955997   \n",
       "C2_10.0  0.985112  0.970446  0.941765  0.400000  0.565525  0.763379  0.886920   \n",
       "C2_15.0  0.999000  0.990050  0.970446  0.400000  0.418952  0.657047  0.822835   \n",
       "C2_20.0  0.989060  0.999000  0.985112  0.400000  0.400000  0.565525  0.763379   \n",
       "C2_30.0  0.969475  0.984127  0.999000  0.400000  0.400000  0.418952  0.657047   \n",
       "\n",
       "           C2_3.0    C2_5.0   C2_10.0   C2_15.0   C2_20.0   C2_30.0  \n",
       "C1_0.25  0.718205  0.564960  0.399600  0.399600  0.399600  0.399600  \n",
       "C1_0.5   0.859847  0.762616  0.564960  0.418533  0.399600  0.399600  \n",
       "C1_1.0   0.940823  0.886034  0.762616  0.656390  0.564960  0.418533  \n",
       "C1_2.0   0.984127  0.955041  0.886034  0.822012  0.762616  0.656390  \n",
       "C1_3.0   0.999000  0.979218  0.931461  0.886034  0.842821  0.762616  \n",
       "C1_5.0   0.980199  0.999000  0.969475  0.940823  0.913017  0.859847  \n",
       "C1_10.0  0.932394  0.970446  0.999000  0.984127  0.969475  0.940823  \n",
       "C1_15.0  0.886920  0.941765  0.985112  0.999000  0.989060  0.969475  \n",
       "C1_20.0  0.843665  0.913931  0.970446  0.990050  0.999000  0.984127  \n",
       "C1_30.0  0.763379  0.860708  0.941765  0.970446  0.985112  0.999000  \n",
       "C2_0.25  0.718924  0.565525  0.400000  0.400000  0.400000  0.400000  \n",
       "C2_0.5   0.860708  0.763379  0.565525  0.418952  0.400000  0.400000  \n",
       "C2_1.0   0.941765  0.886920  0.763379  0.657047  0.565525  0.418952  \n",
       "C2_2.0   0.985112  0.955997  0.886920  0.822835  0.763379  0.657047  \n",
       "C2_3.0   1.000000  0.980199  0.932394  0.886920  0.843665  0.763379  \n",
       "C2_5.0   0.980199  1.000000  0.970446  0.941765  0.913931  0.860708  \n",
       "C2_10.0  0.932394  0.970446  1.000000  0.985112  0.970446  0.941765  \n",
       "C2_15.0  0.886920  0.941765  0.985112  1.000000  0.990050  0.970446  \n",
       "C2_20.0  0.843665  0.913931  0.970446  0.990050  1.000000  0.985112  \n",
       "C2_30.0  0.763379  0.860708  0.941765  0.970446  0.985112  1.000000  "
      ]
     },
     "execution_count": 11,
     "metadata": {},
     "output_type": "execute_result"
    }
   ],
   "source": [
    "IR_intrabucket_corr(IR_df, \"Base\")['USD']"
   ]
  },
  {
   "cell_type": "code",
   "execution_count": 12,
   "id": "5671b1d8",
   "metadata": {},
   "outputs": [
    {
     "data": {
      "text/html": [
       "<div>\n",
       "<style scoped>\n",
       "    .dataframe tbody tr th:only-of-type {\n",
       "        vertical-align: middle;\n",
       "    }\n",
       "\n",
       "    .dataframe tbody tr th {\n",
       "        vertical-align: top;\n",
       "    }\n",
       "\n",
       "    .dataframe thead th {\n",
       "        text-align: right;\n",
       "    }\n",
       "</style>\n",
       "<table border=\"1\" class=\"dataframe\">\n",
       "  <thead>\n",
       "    <tr style=\"text-align: right;\">\n",
       "      <th></th>\n",
       "      <th>C1_0.25</th>\n",
       "      <th>C1_0.5</th>\n",
       "      <th>C1_1.0</th>\n",
       "      <th>C1_2.0</th>\n",
       "      <th>C1_3.0</th>\n",
       "      <th>C1_5.0</th>\n",
       "      <th>C1_10.0</th>\n",
       "      <th>C1_15.0</th>\n",
       "      <th>C1_20.0</th>\n",
       "      <th>C1_30.0</th>\n",
       "      <th>C2_0.25</th>\n",
       "      <th>C2_0.5</th>\n",
       "      <th>C2_1.0</th>\n",
       "      <th>C2_2.0</th>\n",
       "      <th>C2_3.0</th>\n",
       "      <th>C2_5.0</th>\n",
       "      <th>C2_10.0</th>\n",
       "      <th>C2_15.0</th>\n",
       "      <th>C2_20.0</th>\n",
       "      <th>C2_30.0</th>\n",
       "    </tr>\n",
       "  </thead>\n",
       "  <tbody>\n",
       "    <tr>\n",
       "      <th>C1_0.25</th>\n",
       "      <td>1.000000</td>\n",
       "      <td>1.000000</td>\n",
       "      <td>1.000000</td>\n",
       "      <td>1.000000</td>\n",
       "      <td>0.898655</td>\n",
       "      <td>0.706907</td>\n",
       "      <td>0.500000</td>\n",
       "      <td>0.500000</td>\n",
       "      <td>0.500000</td>\n",
       "      <td>0.500000</td>\n",
       "      <td>1.000000</td>\n",
       "      <td>1.000000</td>\n",
       "      <td>1.000000</td>\n",
       "      <td>1.000000</td>\n",
       "      <td>0.897756</td>\n",
       "      <td>0.706200</td>\n",
       "      <td>0.499500</td>\n",
       "      <td>0.499500</td>\n",
       "      <td>0.499500</td>\n",
       "      <td>0.499500</td>\n",
       "    </tr>\n",
       "    <tr>\n",
       "      <th>C1_0.5</th>\n",
       "      <td>1.000000</td>\n",
       "      <td>1.000000</td>\n",
       "      <td>1.000000</td>\n",
       "      <td>1.000000</td>\n",
       "      <td>1.000000</td>\n",
       "      <td>0.954224</td>\n",
       "      <td>0.706907</td>\n",
       "      <td>0.523689</td>\n",
       "      <td>0.500000</td>\n",
       "      <td>0.500000</td>\n",
       "      <td>1.000000</td>\n",
       "      <td>1.000000</td>\n",
       "      <td>1.000000</td>\n",
       "      <td>1.000000</td>\n",
       "      <td>1.000000</td>\n",
       "      <td>0.953270</td>\n",
       "      <td>0.706200</td>\n",
       "      <td>0.523166</td>\n",
       "      <td>0.499500</td>\n",
       "      <td>0.499500</td>\n",
       "    </tr>\n",
       "    <tr>\n",
       "      <th>C1_1.0</th>\n",
       "      <td>1.000000</td>\n",
       "      <td>1.000000</td>\n",
       "      <td>1.000000</td>\n",
       "      <td>1.000000</td>\n",
       "      <td>1.000000</td>\n",
       "      <td>1.000000</td>\n",
       "      <td>0.954224</td>\n",
       "      <td>0.821309</td>\n",
       "      <td>0.706907</td>\n",
       "      <td>0.523689</td>\n",
       "      <td>1.000000</td>\n",
       "      <td>1.000000</td>\n",
       "      <td>1.000000</td>\n",
       "      <td>1.000000</td>\n",
       "      <td>1.000000</td>\n",
       "      <td>1.000000</td>\n",
       "      <td>0.953270</td>\n",
       "      <td>0.820487</td>\n",
       "      <td>0.706200</td>\n",
       "      <td>0.523166</td>\n",
       "    </tr>\n",
       "    <tr>\n",
       "      <th>C1_2.0</th>\n",
       "      <td>1.000000</td>\n",
       "      <td>1.000000</td>\n",
       "      <td>1.000000</td>\n",
       "      <td>1.000000</td>\n",
       "      <td>1.000000</td>\n",
       "      <td>1.000000</td>\n",
       "      <td>1.000000</td>\n",
       "      <td>1.000000</td>\n",
       "      <td>0.954224</td>\n",
       "      <td>0.821309</td>\n",
       "      <td>1.000000</td>\n",
       "      <td>1.000000</td>\n",
       "      <td>1.000000</td>\n",
       "      <td>1.000000</td>\n",
       "      <td>1.000000</td>\n",
       "      <td>1.000000</td>\n",
       "      <td>1.000000</td>\n",
       "      <td>1.000000</td>\n",
       "      <td>0.953270</td>\n",
       "      <td>0.820487</td>\n",
       "    </tr>\n",
       "    <tr>\n",
       "      <th>C1_3.0</th>\n",
       "      <td>0.898655</td>\n",
       "      <td>1.000000</td>\n",
       "      <td>1.000000</td>\n",
       "      <td>1.000000</td>\n",
       "      <td>1.000000</td>\n",
       "      <td>1.000000</td>\n",
       "      <td>1.000000</td>\n",
       "      <td>1.000000</td>\n",
       "      <td>1.000000</td>\n",
       "      <td>0.954224</td>\n",
       "      <td>0.898655</td>\n",
       "      <td>1.000000</td>\n",
       "      <td>1.000000</td>\n",
       "      <td>1.000000</td>\n",
       "      <td>1.000000</td>\n",
       "      <td>1.000000</td>\n",
       "      <td>1.000000</td>\n",
       "      <td>1.000000</td>\n",
       "      <td>1.000000</td>\n",
       "      <td>0.953270</td>\n",
       "    </tr>\n",
       "    <tr>\n",
       "      <th>C1_5.0</th>\n",
       "      <td>0.706907</td>\n",
       "      <td>0.954224</td>\n",
       "      <td>1.000000</td>\n",
       "      <td>1.000000</td>\n",
       "      <td>1.000000</td>\n",
       "      <td>1.000000</td>\n",
       "      <td>1.000000</td>\n",
       "      <td>1.000000</td>\n",
       "      <td>1.000000</td>\n",
       "      <td>1.000000</td>\n",
       "      <td>0.706907</td>\n",
       "      <td>0.954224</td>\n",
       "      <td>1.000000</td>\n",
       "      <td>1.000000</td>\n",
       "      <td>1.000000</td>\n",
       "      <td>1.000000</td>\n",
       "      <td>1.000000</td>\n",
       "      <td>1.000000</td>\n",
       "      <td>1.000000</td>\n",
       "      <td>1.000000</td>\n",
       "    </tr>\n",
       "    <tr>\n",
       "      <th>C1_10.0</th>\n",
       "      <td>0.500000</td>\n",
       "      <td>0.706907</td>\n",
       "      <td>0.954224</td>\n",
       "      <td>1.000000</td>\n",
       "      <td>1.000000</td>\n",
       "      <td>1.000000</td>\n",
       "      <td>1.000000</td>\n",
       "      <td>1.000000</td>\n",
       "      <td>1.000000</td>\n",
       "      <td>1.000000</td>\n",
       "      <td>0.500000</td>\n",
       "      <td>0.706907</td>\n",
       "      <td>0.954224</td>\n",
       "      <td>1.000000</td>\n",
       "      <td>1.000000</td>\n",
       "      <td>1.000000</td>\n",
       "      <td>1.000000</td>\n",
       "      <td>1.000000</td>\n",
       "      <td>1.000000</td>\n",
       "      <td>1.000000</td>\n",
       "    </tr>\n",
       "    <tr>\n",
       "      <th>C1_15.0</th>\n",
       "      <td>0.500000</td>\n",
       "      <td>0.523689</td>\n",
       "      <td>0.821309</td>\n",
       "      <td>1.000000</td>\n",
       "      <td>1.000000</td>\n",
       "      <td>1.000000</td>\n",
       "      <td>1.000000</td>\n",
       "      <td>1.000000</td>\n",
       "      <td>1.000000</td>\n",
       "      <td>1.000000</td>\n",
       "      <td>0.500000</td>\n",
       "      <td>0.523689</td>\n",
       "      <td>0.821309</td>\n",
       "      <td>1.000000</td>\n",
       "      <td>1.000000</td>\n",
       "      <td>1.000000</td>\n",
       "      <td>1.000000</td>\n",
       "      <td>1.000000</td>\n",
       "      <td>1.000000</td>\n",
       "      <td>1.000000</td>\n",
       "    </tr>\n",
       "    <tr>\n",
       "      <th>C1_20.0</th>\n",
       "      <td>0.500000</td>\n",
       "      <td>0.500000</td>\n",
       "      <td>0.706907</td>\n",
       "      <td>0.954224</td>\n",
       "      <td>1.000000</td>\n",
       "      <td>1.000000</td>\n",
       "      <td>1.000000</td>\n",
       "      <td>1.000000</td>\n",
       "      <td>1.000000</td>\n",
       "      <td>1.000000</td>\n",
       "      <td>0.500000</td>\n",
       "      <td>0.500000</td>\n",
       "      <td>0.706907</td>\n",
       "      <td>0.954224</td>\n",
       "      <td>1.000000</td>\n",
       "      <td>1.000000</td>\n",
       "      <td>1.000000</td>\n",
       "      <td>1.000000</td>\n",
       "      <td>1.000000</td>\n",
       "      <td>1.000000</td>\n",
       "    </tr>\n",
       "    <tr>\n",
       "      <th>C1_30.0</th>\n",
       "      <td>0.500000</td>\n",
       "      <td>0.500000</td>\n",
       "      <td>0.523689</td>\n",
       "      <td>0.821309</td>\n",
       "      <td>0.954224</td>\n",
       "      <td>1.000000</td>\n",
       "      <td>1.000000</td>\n",
       "      <td>1.000000</td>\n",
       "      <td>1.000000</td>\n",
       "      <td>1.000000</td>\n",
       "      <td>0.500000</td>\n",
       "      <td>0.500000</td>\n",
       "      <td>0.523689</td>\n",
       "      <td>0.821309</td>\n",
       "      <td>0.954224</td>\n",
       "      <td>1.000000</td>\n",
       "      <td>1.000000</td>\n",
       "      <td>1.000000</td>\n",
       "      <td>1.000000</td>\n",
       "      <td>1.000000</td>\n",
       "    </tr>\n",
       "    <tr>\n",
       "      <th>C2_0.25</th>\n",
       "      <td>1.000000</td>\n",
       "      <td>1.000000</td>\n",
       "      <td>1.000000</td>\n",
       "      <td>1.000000</td>\n",
       "      <td>0.898655</td>\n",
       "      <td>0.706907</td>\n",
       "      <td>0.500000</td>\n",
       "      <td>0.500000</td>\n",
       "      <td>0.500000</td>\n",
       "      <td>0.500000</td>\n",
       "      <td>1.000000</td>\n",
       "      <td>1.000000</td>\n",
       "      <td>1.000000</td>\n",
       "      <td>1.000000</td>\n",
       "      <td>0.898655</td>\n",
       "      <td>0.706907</td>\n",
       "      <td>0.500000</td>\n",
       "      <td>0.500000</td>\n",
       "      <td>0.500000</td>\n",
       "      <td>0.500000</td>\n",
       "    </tr>\n",
       "    <tr>\n",
       "      <th>C2_0.5</th>\n",
       "      <td>1.000000</td>\n",
       "      <td>1.000000</td>\n",
       "      <td>1.000000</td>\n",
       "      <td>1.000000</td>\n",
       "      <td>1.000000</td>\n",
       "      <td>0.954224</td>\n",
       "      <td>0.706907</td>\n",
       "      <td>0.523689</td>\n",
       "      <td>0.500000</td>\n",
       "      <td>0.500000</td>\n",
       "      <td>1.000000</td>\n",
       "      <td>1.000000</td>\n",
       "      <td>1.000000</td>\n",
       "      <td>1.000000</td>\n",
       "      <td>1.000000</td>\n",
       "      <td>0.954224</td>\n",
       "      <td>0.706907</td>\n",
